ovalevert,113.6,260.79999999999995,1353368954
triplecarree,178.40000000000003,260.8,540714636
carre,271.20000000000005,120.80000000000001,936104618
carre,270.40000000000003,356.8,405238921
rectanglediago,340.00000000000006,356.79999999999995,505471970
rectanglediago,341.59999999999997,120.79999999999998,1801140332
cercle,412.00000000000006,377.6000000000001,40696111
cercle,410.3999999999999,139.2,567039703
flecheNoire,305.6,128.00000000000003,946507519
flecheNoire,307.20000000000005,150.4,180373958
flecheNoire,307.2,367.2,1870687280
flecheNoire,306.40000000000003,387.20000000000005,741991929
flecheNoire,356.8,128.79999999999998,1078496247
flecheNoire,356.8,151.20000000000002,1221489729
flecheNoire,356.8,366.4,616788100
flecheNoire,356.79999999999995,385.59999999999997,1194745800
carre,451.99999999999994,356.79999999999995,1126527978
carre,449.6000000000001,120.0,2020764595
flecheNoire,420.8,128.8,1200255849
flecheNoire,420.8,145.60000000000002,850902095
flecheNoire,423.2,367.2,1516577744
flecheNoire,424.00000000000006,384.0,832697564
triplecarree,536.0,245.6,623167674
trapeze,248.00000000000006,455.9999999999999,721313173
trapeze,258.40000000000003,555.9999999999999,1509331129
trapezediago,315.20000000000005,456.79999999999995,1733269583
trapezediago,324.8,557.6,1680731396
trapeze,365.6,456.79999999999995,1013384929
trapeze,378.4,557.5999999999999,1366895244
trapeze,430.40000000000003,458.4,1257196812
trapeze,440.8,557.5999999999999,1101122712
doubletrapeze,488.0,504.79999999999995,1173723715
trapezediago,556.0000000000001,503.19999999999993,1564538171
flecheNoire,520.0000000000001,513.6,1844921522
flecheNoire,524.8000000000001,530.4,578654360
flecheNoire,400.8,488.79999999999995,1270030614
flecheNoire,412.8,590.4,293661814
hexagone,92.0,334.4,1174796320
flecheNoire,340.8,491.19999999999993,145901864
flecheNoire,348.8,592.0,1524331193
flecheNoire,292.0,573.5999999999999,1286522568
flecheNoire,282.40000000000003,476.79999999999995,629400453
rectanglediago,615.2,252.8,1063392532
flecheNoire,579.2,264.0,1051584251
flecheNoire,580.0,283.20000000000005,76541792
trapezeplein,816.8000000000001,536.0000000000001,1042987967
ovalevert,684.8,271.2,298828763
flecheNoire,632.8,272.0,1082418471
connexion,540714636,405238921
connexion,540714636,936104618
connexion,2020764595,623167674
connexion,1126527978,623167674
connexion,1353368954,540714636
connexion,1101122712,1173723715
connexion,1257196812,1173723715
connexion,1353368954,1174796320
connexion,1063392532,1564538171
connexion,1042987967,298828763
